G_force(0, -5.33563e+06, 0)	A_force(0, 0, 0)	F_force(0, 2.26437e+06, 0)
G_force(0, -5.31166e+06, 0)	A_force(-0, -32.164, -0)	F_force(0, 2.2883e+06, 0)
G_force(0, -5.28769e+06, 0)	A_force(-0, -130.483, -0)	F_force(0, 2.31218e+06, 0)
G_force(0, -5.26371e+06, 0)	A_force(-0, -297.592, -0)	F_force(0, 2.33599e+06, 0)
G_force(0, -5.23972e+06, 0)	A_force(-0, -535.975, -0)	F_force(0, 2.35974e+06, 0)
G_force(0, -5.21573e+06, 0)	A_force(-0, -847.94, -0)	F_force(0, 2.38342e+06, 0)
G_force(0, -5.19173e+06, 0)	A_force(-0, -1235.61, -0)	F_force(0, 2.40704e+06, 0)
G_force(0, -5.16772e+06, 0)	A_force(-0, -1700.9, -0)	F_force(0, 2.43058e+06, 0)
G_force(0, -5.1437e+06, 0)	A_force(-0, -2245.49, -0)	F_force(0, 2.45405e+06, 0)
G_force(0, -5.11968e+06, 0)	A_force(-0, -2870.84, -0)	F_force(0, 2.47745e+06, 0)
G_force(0, -5.09565e+06, 0)	A_force(-0, -3578.12, -0)	F_force(0, 2.50077e+06, 0)
G_force(0, -5.07161e+06, 0)	A_force(-0, -4368.27, -0)	F_force(0, 2.52402e+06, 0)
G_force(0, -5.04757e+06, 0)	A_force(-0, -5241.89, -0)	F_force(0, 2.54719e+06, 0)
G_force(0, -5.02352e+06, 0)	A_force(-0, -6199.32, -0)	F_force(0, 2.57028e+06, 0)
G_force(0, -4.99946e+06, 0)	A_force(-0, -7240.56, -0)	F_force(0, 2.5933e+06, 0)
G_force(0, -4.9754e+06, 0)	A_force(-0, -8365.27, -0)	F_force(0, 2.61624e+06, 0)
G_force(0, -4.95132e+06, 0)	A_force(-0, -9572.81, -0)	F_force(0, 2.6391e+06, 0)
G_force(0, -4.92724e+06, 0)	A_force(-0, -10862.2, -0)	F_force(0, 2.66189e+06, 0)
G_force(0, -4.90316e+06, 0)	A_force(-0, -12231.9, -0)	F_force(0, 2.68461e+06, 0)
G_force(0, -4.87907e+06, 0)	A_force(-0, -13680.4, -0)	F_force(0, 2.70725e+06, 0)
G_force(0, -4.85497e+06, 0)	A_force(-0, -15205.5, -0)	F_force(0, 2.72983e+06, 0)
G_force(0, -4.83086e+06, 0)	A_force(-0, -16804.8, -0)	F_force(0, 2.75234e+06, 0)
G_force(0, -4.80675e+06, 0)	A_force(-0, -18475.3, -0)	F_force(265236, 2.77015e+06, 0)
G_force(0, -4.78262e+06, 0)	A_force(-97.2159, -20210.8, -0)	F_force(265139, 2.79254e+06, 0)
G_force(0, -4.7585e+06, 0)	A_force(-201.965, -22011.1, -0)	F_force(529947, 2.80098e+06, 0)
G_force(0, -4.73436e+06, 0)	A_force(-418.94, -23862.9, -0)	F_force(529730, 2.82326e+06, 0)
G_force(0, -4.71022e+06, 0)	A_force(-649.86, -25772, -0)	F_force(793766, 2.82237e+06, 0)
G_force(0, -4.68607e+06, 0)	A_force(-1006.16, -27718, -0)	F_force(793410, 2.84458e+06, 0)
G_force(0, -4.66192e+06, 0)	A_force(-1381.47, -29713, -0)	F_force(1.05633e+06, 2.83441e+06, 0)
G_force(0, -4.63776e+06, 0)	A_force(-1893.18, -31729.6, -0)	F_force(1.05582e+06, 2.85655e+06, 0)
G_force(0, -4.61359e+06, 0)	A_force(-2427.44, -33786.1, -0)	F_force(1.3173e+06, 2.83716e+06, 0)
G_force(0, -4.58942e+06, 0)	A_force(-3106.78, -35848.1, -0)	F_force(1.31662e+06, 2.85928e+06, 0)
G_force(0, -4.56524e+06, 0)	A_force(-3810.61, -37940.5, -0)	F_force(1.57632e+06, 2.83075e+06, 0)
G_force(0, -4.54105e+06, 0)	A_force(-4665.74, -40021.9, -0)	F_force(1.57546e+06, 2.85285e+06, 0)
G_force(0, -4.51686e+06, 0)	A_force(-5545.63, -42123.7, -0)	F_force(1.83306e+06, 2.81527e+06, 0)
G_force(0, -4.49266e+06, 0)	A_force(-6580.52, -44197.8, -0)	F_force(1.83203e+06, 2.83739e+06, 0)
G_force(0, -4.46845e+06, 0)	A_force(-7638.77, -46282.3, -0)	F_force(2.08721e+06, 2.79085e+06, 0)
G_force(0, -4.44424e+06, 0)	A_force(-8853.2, -48322.5, -0)	F_force(2.08599e+06, 2.81302e+06, 0)
G_force(0, -4.42003e+06, 0)	A_force(-10087.9, -50363.1, -0)	F_force(2.33844e+06, 2.75764e+06, 0)
G_force(0, -4.3958e+06, 0)	A_force(-11477.6, -52343, -0)	F_force(2.33705e+06, 2.77988e+06, 0)
G_force(0, -4.37158e+06, 0)	A_force(-12882.9, -54313.6, -0)	F_force(2.58647e+06, 2.71577e+06, 0)
G_force(0, -4.34735e+06, 0)	A_force(-14439.4, -56207.8, -0)	F_force(2.58491e+06, 2.73811e+06, 0)
G_force(0, -4.32311e+06, 0)	A_force(-16005.5, -58083.5, -0)	F_force(1.56412e+06, 3.05273e+06, 0)
G_force(0, -4.29887e+06, 0)	A_force(-16981.3, -60098.2, -0)	F_force(1.56315e+06, 3.07496e+06, 0)
G_force(0, -4.27462e+06, 0)	A_force(-17944, -62063.9, -0)	F_force(1.82066e+06, 3.03757e+06, 0)
G_force(0, -4.25036e+06, 0)	A_force(-19045.8, -63948.6, -0)	F_force(1.81956e+06, 3.05994e+06, 0)
G_force(0, -4.2261e+06, 0)	A_force(-20128.9, -65773.4, -0)	F_force(2.07471e+06, 3.01371e+06, 0)
G_force(0, -4.20184e+06, 0)	A_force(-21344.8, -67498.4, -0)	F_force(2.0735e+06, 3.03625e+06, 0)
G_force(0, -4.17757e+06, 0)	A_force(-22535.1, -69154, -0)	F_force(2.32599e+06, 2.98131e+06, 0)
G_force(0, -4.15329e+06, 0)	A_force(-23849.6, -70693.2, -0)	F_force(2.32468e+06, 3.00405e+06, 0)
G_force(0, -4.12901e+06, 0)	A_force(-25130.5, -72155.2, -0)	F_force(2.57422e+06, 2.9405e+06, 0)
G_force(0, -4.10472e+06, 0)	A_force(-26525.1, -73486.4, -0)	F_force(2.57283e+06, 2.96345e+06, 0)
G_force(0, -4.08043e+06, 0)	A_force(-27877.2, -74734.5, -0)	F_force(2.81913e+06, 2.89143e+06, 0)
G_force(0, -4.05614e+06, 0)	A_force(-29330.8, -75840, -0)	F_force(2.81768e+06, 2.91462e+06, 0)
G_force(0, -4.03184e+06, 0)	A_force(-30732.5, -76858.6, -0)	F_force(3.06047e+06, 2.83425e+06, 0)
G_force(0, -4.00754e+06, 0)	A_force(-32222.4, -77725.3, -0)	F_force(3.05898e+06, 2.85768e+06, 0)
G_force(0, -3.98323e+06, 0)	A_force(-33650.5, -78503.3, -0)	F_force(3.29797e+06, 2.7691e+06, 0)
G_force(0, -3.95892e+06, 0)	A_force(-35153, -79123.1, -0)	F_force(3.29647e+06, 2.79279e+06, 0)
G_force(0, -3.93461e+06, 0)	A_force(-36583.9, -79654.4, -0)	F_force(3.5314e+06, 2.69614e+06, 0)
G_force(0, -3.91029e+06, 0)	A_force(-38074.7, -80023.8, -0)	F_force(3.52991e+06, 2.72009e+06, 0)
G_force(0, -3.88597e+06, 0)	A_force(-39484.9, -80306.9, -0)	F_force(3.76052e+06, 2.61552e+06, 0)
G_force(0, -3.86165e+06, 0)	A_force(-40940.5, -80427.1, -0)	F_force(3.75906e+06, 2.63972e+06, 0)
G_force(0, -3.83732e+06, 0)	A_force(-42306.9, -80465.2, -0)	F_force(2.8047e+06, 3.12881e+06, 0)
G_force(0, -3.81299e+06, 0)	A_force(-43039, -80643.6, -0)	F_force(2.80397e+06, 3.15296e+06, 0)
G_force(0, -3.78866e+06, 0)	A_force(-43681.9, -80708.2, -0)	F_force(3.04752e+06, 3.07358e+06, 0)
G_force(0, -3.76432e+06, 0)	A_force(-44372.9, -80618.5, -0)	F_force(3.04683e+06, 3.09801e+06, 0)
G_force(0, -3.73998e+06, 0)	A_force(-44969, -80420.5, -0)	F_force(3.28665e+06, 3.01043e+06, 0)
G_force(0, -3.71564e+06, 0)	A_force(-45600.4, -80069, -0)	F_force(3.28602e+06, 3.03513e+06, 0)
G_force(0, -3.69129e+06, 0)	A_force(-46132.3, -79616.9, -0)	F_force(3.52185e+06, 2.93949e+06, 0)
G_force(0, -3.66694e+06, 0)	A_force(-46687.4, -79015.3, -0)	F_force(3.5213e+06, 2.96445e+06, 0)
G_force(0, -3.64259e+06, 0)	A_force(-47139.3, -78322.7, -0)	F_force(3.75286e+06, 2.86088e+06, 0)
G_force(0, -3.61823e+06, 0)	A_force(-47603.5, -77487.3, -0)	F_force(3.7524e+06, 2.88607e+06, 0)
G_force(0, -3.59388e+06, 0)	A_force(-47962.3, -76572.1, -0)	F_force(3.97942e+06, 2.77472e+06, 0)
G_force(0, -3.56952e+06, 0)	A_force(-48323.4, -75523.1, -0)	F_force(3.97906e+06, 2.80012e+06, 0)
G_force(0, -3.54516e+06, 0)	A_force(-48578.3, -74406.8, -0)	F_force(4.20129e+06, 2.68112e+06, 0)
G_force(0, -3.5208e+06, 0)	A_force(-48827.3, -73167.7, -0)	F_force(4.20104e+06, 2.70672e+06, 0)
G_force(0, -3.49644e+06, 0)	A_force(-48970.7, -71874.6, -0)	F_force(4.4182e+06, 2.58022e+06, 0)
G_force(0, -3.47207e+06, 0)	A_force(-49101.4, -70471, -0)	F_force(4.41807e+06, 2.60598e+06, 0)
G_force(0, -3.44771e+06, 0)	A_force(-49128.5, -69027.4, -0)	F_force(4.6299e+06, 2.47214e+06, 0)
G_force(0, -3.42335e+06, 0)	A_force(-49137.8, -67486.6, -0)	F_force(4.62989e+06, 2.49805e+06, 0)
G_force(0, -3.39898e+06, 0)	A_force(-49047.2, -65919.6, -0)	F_force(4.83614e+06, 2.35704e+06, 0)
G_force(0, -3.37462e+06, 0)	A_force(-48935.1, -64269.5, -0)	F_force(4.83625e+06, 2.38305e+06, 0)
G_force(0, -3.35026e+06, 0)	A_force(-48727.9, -62606.9, -0)	F_force(5.03666e+06, 2.23504e+06, 0)
G_force(0, -3.32589e+06, 0)	A_force(-48497.4, -60875.2, -0)	F_force(5.0369e+06, 2.26113e+06, 0)
G_force(0, -3.30153e+06, 0)	A_force(-48177.7, -59144.1, -0)	F_force(5.23123e+06, 2.1063e+06, 0)
G_force(0, -3.27717e+06, 0)	A_force(-47834.1, -57357.8, -0)	F_force(5.23157e+06, 2.13245e+06, 0)
G_force(0, -3.25282e+06, 0)	A_force(-47408.4, -55584.5, -0)	F_force(5.41957e+06, 1.971e+06, 0)
G_force(0, -3.22846e+06, 0)	A_force(-46959.3, -53769.3, -0)	F_force(5.42002e+06, 1.99717e+06, 0)
G_force(0, -3.20411e+06, 0)	A_force(-46436.1, -51978.2, -0)	F_force(5.60146e+06, 1.82931e+06, 0)
G_force(0, -3.17976e+06, 0)	A_force(-45891.2, -50157.8, -0)	F_force(5.60201e+06, 1.85548e+06, 0)
G_force(0, -3.15541e+06, 0)	A_force(-45280.6, -48371.4, -0)	F_force(5.77666e+06, 1.6814e+06, 0)
G_force(0, -3.13107e+06, 0)	A_force(-44651, -46567.3, -0)	F_force(5.77729e+06, 1.70755e+06, 0)
G_force(0, -3.10673e+06, 0)	A_force(-43964.3, -44805.8, -0)	F_force(5.94492e+06, 1.52749e+06, 0)
G_force(0, -3.08239e+06, 0)	A_force(-43262, -43037, -0)	F_force(5.94562e+06, 1.5536e+06, 0)
G_force(0, -3.05806e+06, 0)	A_force(-42511.4, -41318, -0)	F_force(6.10602e+06, 1.36779e+06, 0)
G_force(0, -3.03373e+06, 0)	A_force(-41749, -39600.7, -0)	F_force(6.10678e+06, 1.39384e+06, 0)
G_force(0, -3.00941e+06, 0)	A_force(-40947.1, -37938.9, -0)	F_force(6.25974e+06, 1.20252e+06, 0)
G_force(0, -2.98509e+06, 0)	A_force(-40137.6, -36286.7, -0)	F_force(6.26055e+06, 1.22849e+06, 0)
G_force(0, -2.96078e+06, 0)	A_force(-39297, -34694.3, -0)	F_force(6.40587e+06, 1.03192e+06, 0)
G_force(0, -2.93647e+06, 0)	A_force(-38452.9, -33117.9, -0)	F_force(6.40671e+06, 1.0578e+06, 0)
G_force(0, -2.91217e+06, 0)	A_force(-37586, -31604.3, -0)	F_force(6.54421e+06, 856227, 0)
G_force(0, -2.88787e+06, 0)	A_force(-36719.7, -30112, -0)	F_force(6.54507e+06, 882013, 0)
G_force(0, -2.86359e+06, 0)	A_force(-35838, -28684.2, -0)	F_force(6.67456e+06, 675712, 0)
G_force(0, -2.83931e+06, 0)	A_force(-34961.1, -27281.6, -0)	F_force(6.67544e+06, 701395, 0)
G_force(0, -2.81503e+06, 0)	A_force(-34075.7, -25944.2, -0)	F_force(6.79676e+06, 490643, 0)
G_force(0, -2.79077e+06, 0)	A_force(-33198.7, -24634.8, -0)	F_force(6.79764e+06, 516218, 0)
G_force(0, -2.76651e+06, 0)	A_force(-32319.5, -23390.2, -0)	F_force(6.91063e+06, 301298, 0)
G_force(0, -2.74226e+06, 0)	A_force(-31451.9, -22175.5, -0)	F_force(6.91149e+06, 326762, 0)
G_force(0, -2.71802e+06, 0)	A_force(-30587.8, -21024.3, -0)	F_force(7.01601e+06, 107966, 0)
G_force(0, -2.69379e+06, 0)	A_force(-29738.2, -19904.1, -0)	F_force(7.01686e+06, 133318, 0)
G_force(0, -2.66956e+06, 0)	A_force(-28896.7, -18845.4, -0)	F_force(7.11277e+06, -89057.2, 0)
G_force(0, -2.64535e+06, 0)	A_force(-28072.3, -17817.8, -0)	F_force(7.11359e+06, -63816.1, 0)
G_force(0, -2.62115e+06, 0)	A_force(-27260, -16849.3, -0)	F_force(7.20077e+06, -289468, 0)
G_force(0, -2.59695e+06, 0)	A_force(-26466.9, -15911.4, -0)	F_force(7.20156e+06, -264336, 0)
G_force(0, -2.57277e+06, 0)	A_force(-25689.2, -15029.7, -0)	F_force(7.2799e+06, -492956, 0)
G_force(0, -2.5486e+06, 0)	A_force(-24932.3, -14177.7, -0)	F_force(7.28066e+06, -467931, 0)
G_force(0, -2.52443e+06, 0)	A_force(-24193.5, -13378.7, -0)	F_force(7.35005e+06, -699207, 0)
G_force(0, -2.50028e+06, 0)	A_force(-23476.7, -12607.9, -0)	F_force(7.35077e+06, -674285, 0)
G_force(0, -2.47614e+06, 0)	A_force(-22780.1, -11886.7, -0)	F_force(7.41114e+06, -907902, 0)
G_force(0, -2.45202e+06, 0)	A_force(-22106.3, -11192.2, -0)	F_force(7.41182e+06, -883079, 0)
G_force(0, -2.4279e+06, 0)	A_force(-21454.4, -10543.6, -0)	F_force(7.46308e+06, -1.11872e+06, 0)
G_force(0, -2.4038e+06, 0)	A_force(-20825.6, -9919.81, -0)	F_force(7.46371e+06, -1.09399e+06, 0)
G_force(0, -2.3797e+06, 0)	A_force(-20219.9, -9338.48, -0)	F_force(5.96866e+06, 2.28998e+06, 0)
G_force(0, -2.35561e+06, 0)	A_force(-19515.8, -8985.19, -0)	F_force(5.96937e+06, 2.31443e+06, 0)
G_force(0, -2.33153e+06, 0)	A_force(-18810, -8635.23, -0)	F_force(6.12972e+06, 2.12701e+06, 0)
G_force(0, -2.30744e+06, 0)	A_force(-18117.7, -8279.62, -0)	F_force(6.13041e+06, 2.15145e+06, 0)
G_force(0, -2.28336e+06, 0)	A_force(-17427.7, -7930.16, -0)	F_force(6.28326e+06, 1.95858e+06, 0)
G_force(0, -2.25928e+06, 0)	A_force(-16753, -7578.13, -0)	F_force(6.28393e+06, 1.98301e+06, 0)
G_force(0, -2.2352e+06, 0)	A_force(-16084.1, -7234.64, -0)	F_force(6.42908e+06, 1.78495e+06, 0)
G_force(0, -2.21113e+06, 0)	A_force(-15432.3, -6891.29, -0)	F_force(6.42973e+06, 1.80936e+06, 0)
G_force(0, -2.18707e+06, 0)	A_force(-14789.3, -6558.43, -0)	F_force(6.567e+06, 1.60638e+06, 0)
G_force(0, -2.163e+06, 0)	A_force(-14164.7, -6228.01, -0)	F_force(6.56763e+06, 1.63077e+06, 0)
G_force(0, -2.13895e+06, 0)	A_force(-13551.4, -5909.58, -0)	F_force(6.69685e+06, 1.42313e+06, 0)
G_force(0, -2.1149e+06, 0)	A_force(-12957.5, -5595.46, -0)	F_force(6.69744e+06, 1.44749e+06, 0)
G_force(0, -2.09085e+06, 0)	A_force(-12377.2, -5294.42, -0)	F_force(6.81846e+06, 1.23548e+06, 0)
G_force(0, -2.06681e+06, 0)	A_force(-11816.7, -4999.13, -0)	F_force(6.81902e+06, 1.25981e+06, 0)
G_force(0, -2.04278e+06, 0)	A_force(-11271.4, -4717.59, -0)	F_force(6.93167e+06, 1.0437e+06, 0)
G_force(0, -2.01875e+06, 0)	A_force(-10746.4, -4442.86, -0)	F_force(6.9322e+06, 1.068e+06, 0)
G_force(0, -1.99474e+06, 0)	A_force(-10237.6, -4182.17, -0)	F_force(7.03636e+06, 848093, 0)
G_force(0, -1.97073e+06, 0)	A_force(-9749.14, -3929, -0)	F_force(7.03685e+06, 872356, 0)
G_force(0, -1.94672e+06, 0)	A_force(-9277.55, -3689.85, -0)	F_force(7.13239e+06, 648940, 0)
G_force(0, -1.92273e+06, 0)	A_force(-8826.04, -3458.61, -0)	F_force(7.13284e+06, 673165, 0)
G_force(0, -1.89874e+06, 0)	A_force(-8391.72, -3241.09, -0)	F_force(7.13327e+06, 697368, 0)
G_force(0, -1.87477e+06, 0)	A_force(-7974.13, -3036.48, -0)	F_force(7.13369e+06, 721548, 0)
G_force(0, -1.8508e+06, 0)	A_force(-7572.81, -2844.02, -0)	F_force(7.13409e+06, 745709, 0)
G_force(0, -1.82684e+06, 0)	A_force(-7187.31, -2663, -0)	F_force(7.13448e+06, 769849, 0)
G_force(0, -1.80289e+06, 0)	A_force(-6817.19, -2492.74, -0)	F_force(7.13485e+06, 793970, 0)
G_force(0, -1.77895e+06, 0)	A_force(-6462.03, -2332.63, -0)	F_force(7.1352e+06, 818072, 0)
G_force(0, -1.75502e+06, 0)	A_force(-6121.38, -2182.05, -0)	F_force(7.13554e+06, 842156, 0)
G_force(0, -1.73109e+06, 0)	A_force(-5794.83, -2040.48, -0)	F_force(7.13587e+06, 866222, 0)
G_force(0, -1.70717e+06, 0)	A_force(-5481.96, -1907.37, -0)	F_force(7.13618e+06, 890272, 0)
G_force(0, -1.68327e+06, 0)	A_force(-5182.36, -1782.24, -0)	F_force(7.13648e+06, 914305, 0)
G_force(0, -1.65937e+06, 0)	A_force(-4895.63, -1664.63, -0)	F_force(7.13677e+06, 938322, 0)
G_force(0, -1.63548e+06, 0)	A_force(-4621.37, -1554.11, -0)	F_force(7.13704e+06, 962324, 0)
G_force(0, -1.61159e+06, 0)	A_force(-4359.2, -1450.27, -0)	F_force(7.1373e+06, 986310, 0)
G_force(0, -1.58772e+06, 0)	A_force(-4108.73, -1352.72, -0)	F_force(7.13756e+06, 1.01028e+06, 0)
G_force(0, -1.56385e+06, 0)	A_force(-3869.59, -1261.1, -0)	F_force(7.13779e+06, 1.03424e+06, 0)
G_force(0, -1.54e+06, 0)	A_force(-3641.41, -1175.07, -0)	F_force(7.13802e+06, 1.05818e+06, 0)
G_force(0, -1.51615e+06, 0)	A_force(-3423.83, -1094.32, -0)	F_force(7.13824e+06, 1.08211e+06, 0)
G_force(0, -1.49231e+06, 0)	A_force(-3216.51, -1018.53, -0)	F_force(7.13845e+06, 1.10603e+06, 0)
G_force(0, -1.46848e+06, 0)	A_force(-3019.08, -947.435, -0)	F_force(7.13864e+06, 1.12993e+06, 0)
G_force(0, -1.12929e+06, 0)	A_force(-2831.22, -880.751, -0)	F_force(846740, -639675, 0)
G_force(0, -1.12661e+06, 0)	A_force(-2577.94, -794.643, -0)	F_force(846993, -636909, 0)
G_force(0, -1.12394e+06, 0)	A_force(-2348.85, -717.398, -0)	F_force(847222, -634155, 0)
G_force(0, -1.12126e+06, 0)	A_force(-2141.5, -648.065, -0)	F_force(847429, -631412, 0)
G_force(0, -1.11859e+06, 0)	A_force(-1953.72, -585.794, -0)	F_force(847617, -628678, 0)
G_force(0, -1.11592e+06, 0)	A_force(-1783.55, -529.832, -0)	F_force(847787, -625954, 0)
G_force(0, -1.11326e+06, 0)	A_force(-1629.25, -479.511, -0)	F_force(847942, -623238, 0)
G_force(0, -1.1106e+06, 0)	A_force(-1489.25, -434.236, -0)	F_force(848082, -620530, 0)
G_force(0, -1.10794e+06, 0)	A_force(-1362.16, -393.475, -0)	F_force(848209, -617829, 0)
G_force(0, -1.10528e+06, 0)	A_force(-1246.7, -356.758, -0)	F_force(848324, -615135, 0)
G_force(0, -1.10262e+06, 0)	A_force(-1141.76, -323.663, -0)	F_force(848429, -612447, 0)
G_force(0, -1.09997e+06, 0)	A_force(-1046.31, -293.816, -0)	F_force(848525, -609765, 0)
G_force(0, -1.09732e+06, 0)	A_force(-959.455, -266.882, -0)	F_force(848611, -607089, 0)
G_force(0, -1.09468e+06, 0)	A_force(-880.363, -242.563, -0)	F_force(848691, -604418, 0)
G_force(0, -1.09203e+06, 0)	A_force(-808.299, -220.592, -0)	F_force(848763, -601753, 0)
G_force(0, -1.08939e+06, 0)	A_force(-742.602, -200.732, -0)	F_force(848828, -599092, 0)
G_force(0, -1.08675e+06, 0)	A_force(-682.672, -182.768, -0)	F_force(848888, -596435, 0)
G_force(0, -1.08412e+06, 0)	A_force(-627.971, -166.511, -0)	F_force(848943, -593783, 0)
G_force(0, -1.08148e+06, 0)	A_force(-578.015, -151.789, -0)	F_force(848993, -591135, 0)
G_force(0, -1.07885e+06, 0)	A_force(-532.363, -138.451, -0)	F_force(849039, -588490, 0)
G_force(0, -1.07622e+06, 0)	A_force(-490.622, -126.359, -0)	F_force(849080, -585850, 0)
G_force(0, -1.0736e+06, 0)	A_force(-452.434, -115.391, -0)	F_force(849118, -583213, 0)
G_force(0, -1.07097e+06, 0)	A_force(-417.476, -105.437, -0)	F_force(849153, -580580, 0)
G_force(0, -1.06835e+06, 0)	A_force(-385.457, -96.3976, -0)	F_force(849185, -577950, 0)
G_force(0, -1.06574e+06, 0)	A_force(-356.113, -88.1843, -0)	F_force(849215, -575324, 0)
G_force(0, -1.06312e+06, 0)	A_force(-329.205, -80.7176, -0)	F_force(849242, -572701, 0)
G_force(0, -1.06051e+06, 0)	A_force(-304.516, -73.9257, -0)	F_force(849266, -570081, 0)
G_force(0, -1.0579e+06, 0)	A_force(-281.851, -67.7443, -0)	F_force(849289, -567463, 0)
G_force(0, -1.05529e+06, 0)	A_force(-261.031, -62.1154, -0)	F_force(849310, -564849, 0)
G_force(0, -1.05268e+06, 0)	A_force(-241.897, -56.9868, -0)	F_force(849329, -562238, 0)
G_force(0, -1.05008e+06, 0)	A_force(-224.301, -52.3114, -0)	F_force(849347, -559630, 0)
G_force(0, -1.04748e+06, 0)	A_force(-208.111, -48.0469, -0)	F_force(849363, -557024, 0)
G_force(0, -1.04488e+06, 0)	A_force(-193.206, -44.155, -0)	F_force(849378, -554421, 0)
G_force(0, -1.04228e+06, 0)	A_force(-179.476, -40.6012, -0)	F_force(849391, -551821, 0)
G_force(0, -1.03969e+06, 0)	A_force(-166.822, -37.3545, -0)	F_force(849404, -549223, 0)
G_force(0, -1.03709e+06, 0)	A_force(-155.153, -34.3866, -0)	F_force(849416, -546628, 0)
G_force(0, -1.0345e+06, 0)	A_force(-144.387, -31.6722, -0)	F_force(849427, -544036, 0)
G_force(0, -1.03192e+06, 0)	A_force(-134.447, -29.1883, -0)	F_force(849436, -541446, 0)
G_force(0, -1.02933e+06, 0)	A_force(0, 0, 0)	F_force(849571, -538831, 0)
G_force(0, -1.02675e+06, 0)	A_force(0, 0, 0)	F_force(849571, -536248, 0)
G_force(0, -1.02417e+06, 0)	A_force(0, 0, 0)	F_force(849571, -533667, 0)
G_force(0, -1.02159e+06, 0)	A_force(0, 0, 0)	F_force(849571, -531088, 0)
G_force(0, -1.01901e+06, 0)	A_force(0, 0, 0)	F_force(849571, -528512, 0)
G_force(0, -1.01644e+06, 0)	A_force(0, 0, 0)	F_force(849571, -525937, 0)
G_force(0, -1.01387e+06, 0)	A_force(0, 0, 0)	F_force(849571, -523365, 0)
G_force(0, -1.0113e+06, 0)	A_force(0, 0, 0)	F_force(849571, -520795, 0)
G_force(0, -1.00873e+06, 0)	A_force(0, 0, 0)	F_force(849571, -518227, 0)
G_force(0, -1.00616e+06, 0)	A_force(0, 0, 0)	F_force(849571, -515661, 0)
G_force(0, -1.0036e+06, 0)	A_force(0, 0, 0)	F_force(849571, -513097, 0)
G_force(0, -1.00104e+06, 0)	A_force(0, 0, 0)	F_force(849571, -510536, 0)
G_force(0, -998476, 0)	A_force(0, 0, 0)	F_force(849571, -507976, 0)
G_force(0, -995918, 0)	A_force(0, 0, 0)	F_force(849571, -505418, 0)
G_force(0, -993362, 0)	A_force(0, 0, 0)	F_force(849571, -502862, 0)
G_force(0, -990809, 0)	A_force(0, 0, 0)	F_force(849571, -500309, 0)
G_force(0, -988257, 0)	A_force(0, 0, 0)	F_force(849571, -497757, 0)
G_force(0, -985707, 0)	A_force(0, 0, 0)	F_force(849571, -495207, 0)
G_force(0, -983160, 0)	A_force(0, 0, 0)	F_force(849571, -492660, 0)
G_force(0, -980614, 0)	A_force(0, 0, 0)	F_force(849571, -490114, 0)
G_force(0, -978070, 0)	A_force(0, 0, 0)	F_force(849571, -487570, 0)
G_force(0, -975528, 0)	A_force(0, 0, 0)	F_force(849571, -485028, 0)
G_force(0, -972988, 0)	A_force(0, 0, 0)	F_force(849571, -482488, 0)
G_force(0, -970449, 0)	A_force(0, 0, 0)	F_force(849571, -479949, 0)
G_force(0, -967913, 0)	A_force(0, 0, 0)	F_force(849571, -477413, 0)
G_force(0, -965379, 0)	A_force(0, 0, 0)	F_force(849571, -474879, 0)
G_force(0, -962846, 0)	A_force(0, 0, 0)	F_force(849571, -472346, 0)
G_force(0, -960315, 0)	A_force(0, 0, 0)	F_force(849571, -469815, 0)
G_force(0, -957786, 0)	A_force(0, 0, 0)	F_force(849571, -467286, 0)
G_force(0, -955259, 0)	A_force(0, 0, 0)	F_force(849571, -464759, 0)
G_force(0, -952733, 0)	A_force(0, 0, 0)	F_force(849571, -462233, 0)
G_force(0, -950209, 0)	A_force(0, 0, 0)	F_force(849571, -459709, 0)
G_force(0, -947687, 0)	A_force(0, 0, 0)	F_force(849571, -457187, 0)
G_force(0, -945167, 0)	A_force(0, 0, 0)	F_force(849571, -454667, 0)
G_force(0, -942648, 0)	A_force(0, 0, 0)	F_force(849571, -452148, 0)
G_force(0, -940132, 0)	A_force(0, 0, 0)	F_force(849571, -449632, 0)
G_force(0, -937616, 0)	A_force(0, 0, 0)	F_force(849571, -447116, 0)
G_force(0, -935103, 0)	A_force(0, 0, 0)	F_force(849571, -444603, 0)
G_force(0, -932591, 0)	A_force(0, 0, 0)	F_force(849571, -442091, 0)
G_force(0, -930081, 0)	A_force(0, 0, 0)	F_force(849571, -439581, 0)
G_force(0, -927572, 0)	A_force(0, 0, 0)	F_force(849571, -437072, 0)
G_force(0, -925065, 0)	A_force(0, 0, 0)	F_force(849571, -434565, 0)
G_force(0, -922560, 0)	A_force(0, 0, 0)	F_force(849571, -432060, 0)
G_force(0, -920056, 0)	A_force(0, 0, 0)	F_force(849571, -429556, 0)
G_force(0, -917554, 0)	A_force(0, 0, 0)	F_force(849571, -427054, 0)
G_force(0, -915053, 0)	A_force(0, 0, 0)	F_force(849571, -424553, 0)
G_force(0, -912554, 0)	A_force(0, 0, 0)	F_force(849571, -422054, 0)
G_force(0, -910056, 0)	A_force(0, 0, 0)	F_force(849571, -419556, 0)
G_force(0, -907560, 0)	A_force(0, 0, 0)	F_force(849571, -417060, 0)
G_force(0, -905066, 0)	A_force(0, 0, 0)	F_force(849571, -414566, 0)
G_force(0, -902572, 0)	A_force(0, 0, 0)	F_force(849571, -412072, 0)
G_force(0, -900081, 0)	A_force(0, 0, 0)	F_force(849571, -409581, 0)
G_force(0, -897591, 0)	A_force(0, 0, 0)	F_force(849571, -407091, 0)
G_force(0, -895102, 0)	A_force(0, 0, 0)	F_force(849571, -404602, 0)
G_force(0, -892615, 0)	A_force(0, 0, 0)	F_force(849571, -402115, 0)
G_force(0, -890129, 0)	A_force(0, 0, 0)	F_force(849571, -399629, 0)
G_force(0, -887644, 0)	A_force(0, 0, 0)	F_force(849571, -397144, 0)
G_force(0, -885161, 0)	A_force(0, 0, 0)	F_force(849571, -394661, 0)
G_force(0, -882680, 0)	A_force(0, 0, 0)	F_force(849571, -392180, 0)
G_force(0, -880199, 0)	A_force(0, 0, 0)	F_force(849571, -389699, 0)
G_force(0, -877720, 0)	A_force(0, 0, 0)	F_force(849571, -387220, 0)
G_force(0, -875243, 0)	A_force(0, 0, 0)	F_force(849571, -384743, 0)
G_force(0, -872766, 0)	A_force(0, 0, 0)	F_force(849571, -382266, 0)
G_force(0, -870291, 0)	A_force(0, 0, 0)	F_force(849571, -379791, 0)
G_force(0, -867818, 0)	A_force(0, 0, 0)	F_force(849571, -377318, 0)
G_force(0, -865345, 0)	A_force(0, 0, 0)	F_force(849571, -374845, 0)
G_force(0, -862874, 0)	A_force(0, 0, 0)	F_force(849571, -372374, 0)
G_force(0, -860404, 0)	A_force(0, 0, 0)	F_force(849571, -369904, 0)
G_force(0, -857936, 0)	A_force(0, 0, 0)	F_force(849571, -367436, 0)
G_force(0, -855469, 0)	A_force(0, 0, 0)	F_force(849571, -364969, 0)
G_force(0, -853003, 0)	A_force(0, 0, 0)	F_force(849571, -362503, 0)
G_force(0, -850538, 0)	A_force(0, 0, 0)	F_force(849571, -360038, 0)
G_force(0, -848074, 0)	A_force(0, 0, 0)	F_force(849571, -357574, 0)
G_force(0, -845611, 0)	A_force(0, 0, 0)	F_force(849571, -355111, 0)
G_force(0, -843150, 0)	A_force(0, 0, 0)	F_force(849571, -352650, 0)
G_force(0, -840690, 0)	A_force(0, 0, 0)	F_force(849571, -350190, 0)
G_force(0, -838231, 0)	A_force(0, 0, 0)	F_force(849571, -347731, 0)
G_force(0, -835773, 0)	A_force(0, 0, 0)	F_force(849571, -345273, 0)
G_force(0, -833317, 0)	A_force(0, 0, 0)	F_force(849571, -342817, 0)
G_force(0, -830861, 0)	A_force(0, 0, 0)	F_force(849571, -340361, 0)
G_force(0, -828406, 0)	A_force(0, 0, 0)	F_force(849571, -337906, 0)
G_force(0, -825953, 0)	A_force(0, 0, 0)	F_force(849571, -335453, 0)
G_force(0, -823501, 0)	A_force(0, 0, 0)	F_force(849571, -333001, 0)
G_force(0, -821050, 0)	A_force(0, 0, 0)	F_force(849571, -330550, 0)
G_force(0, -818599, 0)	A_force(0, 0, 0)	F_force(849571, -328099, 0)
G_force(0, -816150, 0)	A_force(0, 0, 0)	F_force(849571, -325650, 0)
G_force(0, -813702, 0)	A_force(0, 0, 0)	F_force(849571, -323202, 0)
G_force(0, -811255, 0)	A_force(0, 0, 0)	F_force(849571, -320755, 0)
G_force(0, -808809, 0)	A_force(0, 0, 0)	F_force(849571, -318309, 0)
G_force(0, -806364, 0)	A_force(0, 0, 0)	F_force(849571, -315864, 0)
G_force(0, -803920, 0)	A_force(0, 0, 0)	F_force(849571, -313420, 0)
G_force(0, -801477, 0)	A_force(0, 0, 0)	F_force(849571, -310977, 0)
G_force(0, -799035, 0)	A_force(0, 0, 0)	F_force(849571, -308535, 0)
G_force(0, -796594, 0)	A_force(0, 0, 0)	F_force(849571, -306094, 0)
G_force(0, -794154, 0)	A_force(0, 0, 0)	F_force(849571, -303654, 0)
G_force(0, -791715, 0)	A_force(0, 0, 0)	F_force(849571, -301215, 0)
G_force(0, -789276, 0)	A_force(0, 0, 0)	F_force(849571, -298776, 0)
G_force(0, -786839, 0)	A_force(0, 0, 0)	F_force(849571, -296339, 0)
G_force(0, -784403, 0)	A_force(0, 0, 0)	F_force(849571, -293903, 0)
G_force(0, -781967, 0)	A_force(0, 0, 0)	F_force(849571, -291467, 0)
G_force(0, -779532, 0)	A_force(0, 0, 0)	F_force(849571, -289032, 0)
G_force(0, -777099, 0)	A_force(0, 0, 0)	F_force(849571, -286599, 0)
G_force(0, -774666, 0)	A_force(0, 0, 0)	F_force(849571, -284166, 0)
G_force(0, -772234, 0)	A_force(0, 0, 0)	F_force(849571, -281734, 0)
G_force(0, -769803, 0)	A_force(0, 0, 0)	F_force(849571, -279303, 0)
G_force(0, -767372, 0)	A_force(0, 0, 0)	F_force(849571, -276872, 0)
G_force(0, -764943, 0)	A_force(0, 0, 0)	F_force(849571, -274443, 0)
G_force(0, -762514, 0)	A_force(0, 0, 0)	F_force(849571, -272014, 0)
G_force(0, -760086, 0)	A_force(0, 0, 0)	F_force(849571, -269586, 0)
G_force(0, -757659, 0)	A_force(0, 0, 0)	F_force(849571, -267159, 0)
G_force(0, -755232, 0)	A_force(0, 0, 0)	F_force(849571, -264732, 0)
G_force(0, -752807, 0)	A_force(0, 0, 0)	F_force(849571, -262307, 0)
G_force(0, -750382, 0)	A_force(0, 0, 0)	F_force(849571, -259882, 0)
G_force(0, -747958, 0)	A_force(0, 0, 0)	F_force(849571, -257458, 0)
G_force(0, -745535, 0)	A_force(0, 0, 0)	F_force(849571, -255035, 0)
G_force(0, -743112, 0)	A_force(0, 0, 0)	F_force(849571, -252612, 0)
G_force(0, -740690, 0)	A_force(0, 0, 0)	F_force(849571, -250190, 0)
G_force(0, -738269, 0)	A_force(0, 0, 0)	F_force(849571, -247769, 0)
G_force(0, -735849, 0)	A_force(0, 0, 0)	F_force(849571, -245349, 0)
G_force(0, -733429, 0)	A_force(0, 0, 0)	F_force(849571, -242929, 0)
G_force(0, -731010, 0)	A_force(0, 0, 0)	F_force(849571, -240510, 0)
G_force(0, -728592, 0)	A_force(0, 0, 0)	F_force(849571, -238092, 0)
G_force(0, -726174, 0)	A_force(0, 0, 0)	F_force(849571, -235674, 0)
G_force(0, -723757, 0)	A_force(0, 0, 0)	F_force(849571, -233257, 0)
G_force(0, -721341, 0)	A_force(0, 0, 0)	F_force(849571, -230841, 0)
G_force(0, -718925, 0)	A_force(0, 0, 0)	F_force(849571, -228425, 0)
G_force(0, -716510, 0)	A_force(0, 0, 0)	F_force(849571, -226010, 0)
G_force(0, -714096, 0)	A_force(0, 0, 0)	F_force(849571, -223596, 0)
G_force(0, -711682, 0)	A_force(0, 0, 0)	F_force(849571, -221182, 0)
G_force(0, -709269, 0)	A_force(0, 0, 0)	F_force(849571, -218769, 0)
G_force(0, -706856, 0)	A_force(0, 0, 0)	F_force(849571, -216356, 0)
G_force(0, -704444, 0)	A_force(0, 0, 0)	F_force(849571, -213944, 0)
G_force(0, -702033, 0)	A_force(0, 0, 0)	F_force(849571, -211533, 0)
G_force(0, -699622, 0)	A_force(0, 0, 0)	F_force(849571, -209122, 0)
G_force(0, -697211, 0)	A_force(0, 0, 0)	F_force(849571, -206711, 0)
G_force(0, -694802, 0)	A_force(0, 0, 0)	F_force(849571, -204302, 0)
G_force(0, -692393, 0)	A_force(0, 0, 0)	F_force(849571, -201893, 0)
G_force(0, -689984, 0)	A_force(0, 0, 0)	F_force(849571, -199484, 0)
G_force(0, -687576, 0)	A_force(0, 0, 0)	F_force(849571, -197076, 0)
G_force(0, -685168, 0)	A_force(0, 0, 0)	F_force(849571, -194668, 0)
G_force(0, -682762, 0)	A_force(0, 0, 0)	F_force(849571, -192262, 0)
G_force(0, -680355, 0)	A_force(0, 0, 0)	F_force(849571, -189855, 0)
G_force(0, -677949, 0)	A_force(0, 0, 0)	F_force(849571, -187449, 0)
G_force(0, -675544, 0)	A_force(0, 0, 0)	F_force(849571, -185044, 0)
G_force(0, -673139, 0)	A_force(0, 0, 0)	F_force(849571, -182639, 0)
G_force(0, -670734, 0)	A_force(0, 0, 0)	F_force(849571, -180234, 0)
G_force(0, -668330, 0)	A_force(0, 0, 0)	F_force(849571, -177830, 0)
G_force(0, -665927, 0)	A_force(0, 0, 0)	F_force(849571, -175427, 0)
G_force(0, -663524, 0)	A_force(0, 0, 0)	F_force(849571, -173024, 0)
G_force(0, -661121, 0)	A_force(0, 0, 0)	F_force(849571, -170621, 0)
G_force(0, -658719, 0)	A_force(0, 0, 0)	F_force(849571, -168219, 0)
G_force(0, -656317, 0)	A_force(0, 0, 0)	F_force(849571, -165817, 0)
G_force(0, -653916, 0)	A_force(0, 0, 0)	F_force(849571, -163416, 0)
G_force(0, -651515, 0)	A_force(0, 0, 0)	F_force(849571, -161015, 0)
G_force(0, -649115, 0)	A_force(0, 0, 0)	F_force(849571, -158615, 0)
G_force(0, -646715, 0)	A_force(0, 0, 0)	F_force(849571, -156215, 0)
G_force(0, -644315, 0)	A_force(0, 0, 0)	F_force(849571, -153815, 0)
G_force(0, -641916, 0)	A_force(0, 0, 0)	F_force(849571, -151416, 0)
G_force(0, -639517, 0)	A_force(0, 0, 0)	F_force(849571, -149017, 0)
G_force(0, -637119, 0)	A_force(0, 0, 0)	F_force(849571, -146619, 0)
G_force(0, -634721, 0)	A_force(0, 0, 0)	F_force(849571, -144221, 0)
G_force(0, -632323, 0)	A_force(0, 0, 0)	F_force(849571, -141823, 0)
G_force(0, -629926, 0)	A_force(0, 0, 0)	F_force(849571, -139426, 0)
G_force(0, -627529, 0)	A_force(0, 0, 0)	F_force(849571, -137029, 0)
G_force(0, -625133, 0)	A_force(0, 0, 0)	F_force(849571, -134633, 0)
G_force(0, -622737, 0)	A_force(0, 0, 0)	F_force(849571, -132237, 0)
G_force(0, -620341, 0)	A_force(0, 0, 0)	F_force(849571, -129841, 0)
G_force(0, -617946, 0)	A_force(0, 0, 0)	F_force(849571, -127446, 0)
G_force(0, -615551, 0)	A_force(0, 0, 0)	F_force(849571, -125051, 0)
G_force(0, -613156, 0)	A_force(0, 0, 0)	F_force(849571, -122656, 0)
G_force(0, -610762, 0)	A_force(0, 0, 0)	F_force(849571, -120262, 0)
G_force(0, -608368, 0)	A_force(0, 0, 0)	F_force(849571, -117868, 0)
G_force(0, -605974, 0)	A_force(0, 0, 0)	F_force(849571, -115474, 0)
G_force(0, -603580, 0)	A_force(0, 0, 0)	F_force(849571, -113080, 0)
G_force(0, -601187, 0)	A_force(0, 0, 0)	F_force(849571, -110687, 0)
G_force(0, -598795, 0)	A_force(0, 0, 0)	F_force(849571, -108295, 0)
G_force(0, -596402, 0)	A_force(0, 0, 0)	F_force(849571, -105902, 0)
G_force(0, -594010, 0)	A_force(0, 0, 0)	F_force(849571, -103510, 0)
G_force(0, -591618, 0)	A_force(0, 0, 0)	F_force(849571, -101118, 0)
G_force(0, -589227, 0)	A_force(0, 0, 0)	F_force(849571, -98726.6, 0)
G_force(0, -586835, 0)	A_force(0, 0, 0)	F_force(849571, -96335.3, 0)
G_force(0, -584444, 0)	A_force(0, 0, 0)	F_force(849571, -93944.4, 0)
G_force(0, -582054, 0)	A_force(0, 0, 0)	F_force(849571, -91553.7, 0)
G_force(0, -579663, 0)	A_force(0, 0, 0)	F_force(849571, -89163.2, 0)
G_force(0, -577273, 0)	A_force(0, 0, 0)	F_force(849571, -86773.1, 0)
G_force(0, -574883, 0)	A_force(0, 0, 0)	F_force(849571, -84383.3, 0)
G_force(0, -572494, 0)	A_force(0, 0, 0)	F_force(849571, -81993.7, 0)
G_force(0, -570104, 0)	A_force(0, 0, 0)	F_force(849571, -79604.3, 0)
G_force(0, -567715, 0)	A_force(0, 0, 0)	F_force(849571, -77215.3, 0)
G_force(0, -565326, 0)	A_force(0, 0, 0)	F_force(849571, -74826.5, 0)
G_force(0, -562938, 0)	A_force(0, 0, 0)	F_force(849571, -72437.9, 0)
G_force(0, -560550, 0)	A_force(0, 0, 0)	F_force(849571, -70049.6, 0)
G_force(0, -558162, 0)	A_force(0, 0, 0)	F_force(849571, -67661.6, 0)
G_force(0, -555774, 0)	A_force(0, 0, 0)	F_force(849571, -65273.8, 0)
G_force(0, -553386, 0)	A_force(0, 0, 0)	F_force(849571, -62886.3, 0)
G_force(0, -550999, 0)	A_force(0, 0, 0)	F_force(849571, -60499, 0)
G_force(0, -548612, 0)	A_force(0, 0, 0)	F_force(849571, -58111.9, 0)
G_force(0, -546225, 0)	A_force(0, 0, 0)	F_force(849571, -55725.1, 0)
G_force(0, -543839, 0)	A_force(0, 0, 0)	F_force(849571, -53338.5, 0)
G_force(0, -541452, 0)	A_force(0, 0, 0)	F_force(849571, -50952.2, 0)
G_force(0, -539066, 0)	A_force(0, 0, 0)	F_force(849571, -48566.1, 0)
G_force(0, -536680, 0)	A_force(0, 0, 0)	F_force(849571, -46180.2, 0)
G_force(0, -534295, 0)	A_force(0, 0, 0)	F_force(849571, -43794.5, 0)
G_force(0, -531909, 0)	A_force(0, 0, 0)	F_force(849571, -41409.1, 0)
G_force(0, -529524, 0)	A_force(0, 0, 0)	F_force(849571, -39023.9, 0)
G_force(0, -527139, 0)	A_force(0, 0, 0)	F_force(849571, -36639, 0)
G_force(0, -524754, 0)	A_force(0, 0, 0)	F_force(849571, -34254.2, 0)
G_force(0, -522370, 0)	A_force(0, 0, 0)	F_force(849571, -31869.7, 0)
G_force(0, -519985, 0)	A_force(0, 0, 0)	F_force(849571, -29485.4, 0)
G_force(0, -517601, 0)	A_force(0, 0, 0)	F_force(849571, -27101.4, 0)
G_force(0, -515218, 0)	A_force(0, 0, 0)	F_force(849571, -24717.5, 0)
G_force(0, -512834, 0)	A_force(0, 0, 0)	F_force(849571, -22333.9, 0)
G_force(0, -510451, 0)	A_force(0, 0, 0)	F_force(849571, -19950.5, 0)
G_force(0, -508067, 0)	A_force(0, 0, 0)	F_force(849571, -17567.4, 0)
G_force(0, -505684, 0)	A_force(0, 0, 0)	F_force(849571, -15184.4, 0)
G_force(0, -503302, 0)	A_force(0, 0, 0)	F_force(849571, -12801.7, 0)
G_force(0, -500919, 0)	A_force(0, 0, 0)	F_force(849571, -10419.2, 0)
G_force(0, -498537, 0)	A_force(0, 0, 0)	F_force(849571, -8036.89, 0)
G_force(0, -496155, 0)	A_force(0, 0, 0)	F_force(849571, -5654.83, 0)
G_force(0, -493773, 0)	A_force(0, 0, 0)	F_force(849571, -3273, 0)
G_force(0, -491391, 0)	A_force(0, 0, 0)	F_force(849571, -891.388, 0)
G_force(0, -489010, 0)	A_force(0, 0, 0)	F_force(849571, 1490, 0)
G_force(0, -486629, 0)	A_force(0, 0, 0)	F_force(849571, 3871.15, 0)
G_force(0, -484248, 0)	A_force(0, 0, 0)	F_force(849571, 6252.08, 0)
G_force(0, -481867, 0)	A_force(0, 0, 0)	F_force(849571, 8632.78, 0)
G_force(0, -479487, 0)	A_force(0, 0, 0)	F_force(849571, 11013.2, 0)
G_force(0, -477107, 0)	A_force(0, 0, 0)	F_force(849571, 13393.5, 0)
G_force(0, -474727, 0)	A_force(0, 0, 0)	F_force(849571, 15773.5, 0)
G_force(0, -472347, 0)	A_force(0, 0, 0)	F_force(849571, 18153.2, 0)
G_force(0, -469967, 0)	A_force(0, 0, 0)	F_force(849571, 20532.8, 0)
G_force(0, -467588, 0)	A_force(0, 0, 0)	F_force(849571, 22912.1, 0)
G_force(0, -465209, 0)	A_force(0, 0, 0)	F_force(849571, 25291.1, 0)
G_force(0, -462830, 0)	A_force(0, 0, 0)	F_force(849571, 27669.9, 0)
G_force(0, -460452, 0)	A_force(0, 0, 0)	F_force(849571, 30048.4, 0)
G_force(0, -458073, 0)	A_force(0, 0, 0)	F_force(849571, 32426.7, 0)
G_force(0, -455695, 0)	A_force(0, 0, 0)	F_force(849571, 34804.8, 0)
G_force(0, -453317, 0)	A_force(0, 0, 0)	F_force(849571, 37182.6, 0)
G_force(0, -450940, 0)	A_force(0, 0, 0)	F_force(849571, 39560.1, 0)
G_force(0, -448563, 0)	A_force(0, 0, 0)	F_force(849571, 41937.4, 0)
G_force(0, -446186, 0)	A_force(0, 0, 0)	F_force(849571, 44314.3, 0)
G_force(0, -443809, 0)	A_force(0, 0, 0)	F_force(849571, 46691.1, 0)
G_force(0, -441432, 0)	A_force(0, 0, 0)	F_force(849571, 49067.5, 0)
G_force(0, -439056, 0)	A_force(0, 0, 0)	F_force(849571, 51443.7, 0)
G_force(0, -436680, 0)	A_force(0, 0, 0)	F_force(849571, 53819.6, 0)
G_force(0, -434305, 0)	A_force(0, 0, 0)	F_force(866172, 26246.8, 0)
G_force(0, -431930, 0)	A_force(0, 0, 0)	F_force(866172, 28622, 0)
G_force(0, -429555, 0)	A_force(0, 0, 0)	F_force(881717, 487.332, 0)
G_force(0, -427180, 0)	A_force(0, 0, 0)	F_force(881717, 2861.74, 0)
G_force(0, -424806, 0)	A_force(0, 0, 0)	F_force(896188, -25797.7, 0)
G_force(0, -422433, 0)	A_force(0, 0, 0)	F_force(896188, -23424.3, 0)
G_force(0, -420060, 0)	A_force(0, 0, 0)	F_force(909567, -52571, 0)
G_force(0, -417688, 0)	A_force(0, 0, 0)	F_force(909567, -50198.7, 0)
G_force(0, -415316, 0)	A_force(0, 0, 0)	F_force(921838, -79794.3, 0)
G_force(0, -412945, 0)	A_force(0, 0, 0)	F_force(921838, -77423.3, 0)
G_force(0, -410575, 0)	A_force(0, 0, 0)	F_force(932986, -107429, 0)
G_force(0, -408205, 0)	A_force(0, 0, 0)	F_force(932986, -105060, 0)
G_force(0, -405836, 0)	A_force(0, 0, 0)	F_force(942998, -135436, 0)
G_force(0, -403469, 0)	A_force(0, 0, 0)	F_force(942998, -133068, 0)
G_force(0, -401102, 0)	A_force(0, 0, 0)	F_force(951860, -163776, 0)
G_force(0, -398735, 0)	A_force(0, 0, 0)	F_force(951860, -161410, 0)
G_force(0, -396370, 0)	A_force(0, 0, 0)	F_force(959563, -192409, 0)
G_force(0, -394006, 0)	A_force(0, 0, 0)	F_force(959563, -190045, 0)
G_force(0, -391643, 0)	A_force(0, 0, 0)	F_force(959563, -187682, 0)
G_force(0, -389281, 0)	A_force(0, 0, 0)	F_force(959563, -185319, 0)
G_force(0, -386920, 0)	A_force(0, 0, 0)	F_force(959563, -182958, 0)
G_force(0, -384560, 0)	A_force(0, 0, 0)	F_force(959563, -180598, 0)
G_force(0, -382201, 0)	A_force(0, 0, 0)	F_force(959563, -178239, 0)
G_force(0, -379842, 0)	A_force(0, 0, 0)	F_force(959563, -175881, 0)
G_force(0, -377485, 0)	A_force(0, 0, 0)	F_force(959563, -173524, 0)
G_force(0, -375129, 0)	A_force(0, 0, 0)	F_force(959563, -171168, 0)
G_force(0, -372774, 0)	A_force(0, 0, 0)	F_force(959563, -168813, 0)
G_force(0, -370420, 0)	A_force(0, 0, 0)	F_force(959563, -166459, 0)
G_force(0, -368067, 0)	A_force(0, 0, 0)	F_force(959563, -164106, 0)
G_force(0, -365715, 0)	A_force(0, 0, 0)	F_force(959563, -161754, 0)
G_force(0, -363364, 0)	A_force(0, 0, 0)	F_force(959563, -159403, 0)
G_force(0, -361014, 0)	A_force(0, 0, 0)	F_force(959563, -157053, 0)
G_force(0, -358665, 0)	A_force(0, 0, 0)	F_force(959563, -154703, 0)
G_force(0, -356317, 0)	A_force(0, 0, 0)	F_force(959563, -152355, 0)
G_force(0, -353970, 0)	A_force(0, 0, 0)	F_force(959563, -150008, 0)
G_force(0, -351624, 0)	A_force(0, 0, 0)	F_force(959563, -147662, 0)
G_force(0, -349279, 0)	A_force(0, 0, 0)	F_force(959563, -145317, 0)
G_force(0, -346935, 0)	A_force(0, 0, 0)	F_force(959563, -142973, 0)
G_force(0, -344592, 0)	A_force(0, 0, 0)	F_force(959563, -140630, 0)
G_force(0, -342250, 0)	A_force(0, 0, 0)	F_force(959563, -138288, 0)
G_force(0, -339909, 0)	A_force(0, 0, 0)	F_force(959563, -135947, 0)
G_force(0, -337569, 0)	A_force(0, 0, 0)	F_force(959563, -133607, 0)
G_force(0, -335230, 0)	A_force(0, 0, 0)	F_force(959563, -131268, 0)
G_force(0, -332892, 0)	A_force(0, 0, 0)	F_force(959563, -128930, 0)
G_force(0, -330555, 0)	A_force(0, 0, 0)	F_force(959563, -126593, 0)
G_force(0, -328219, 0)	A_force(0, 0, 0)	F_force(959563, -124257, 0)
G_force(0, -325884, 0)	A_force(0, 0, 0)	F_force(959563, -121922, 0)
G_force(0, -323550, 0)	A_force(0, 0, 0)	F_force(959563, -119589, 0)
G_force(0, -321217, 0)	A_force(0, 0, 0)	F_force(959563, -117256, 0)
G_force(0, -318885, 0)	A_force(0, 0, 0)	F_force(959563, -114924, 0)
G_force(0, -316555, 0)	A_force(0, 0, 0)	F_force(959563, -112593, 0)
G_force(0, -314225, 0)	A_force(0, 0, 0)	F_force(959563, -110263, 0)
G_force(0, -311896, 0)	A_force(0, 0, 0)	F_force(959563, -107935, 0)
G_force(0, -309568, 0)	A_force(0, 0, 0)	F_force(959563, -105607, 0)
G_force(0, -307242, 0)	A_force(0, 0, 0)	F_force(959563, -103281, 0)
G_force(0, -304916, 0)	A_force(0, 0, 0)	F_force(959563, -100955, 0)
G_force(0, -302592, 0)	A_force(0, 0, 0)	F_force(959563, -98630.6, 0)
G_force(0, -300269, 0)	A_force(0, 0, 0)	F_force(959563, -96307.3, 0)
G_force(0, -297946, 0)	A_force(0, 0, 0)	F_force(959563, -93985, 0)
G_force(0, -295625, 0)	A_force(0, 0, 0)	F_force(959563, -91663.8, 0)
G_force(0, -293305, 0)	A_force(0, 0, 0)	F_force(959563, -89343.7, 0)
G_force(0, -290986, 0)	A_force(0, 0, 0)	F_force(959563, -87024.7, 0)
G_force(0, -288668, 0)	A_force(0, 0, 0)	F_force(959563, -84706.8, 0)
G_force(0, -286351, 0)	A_force(0, 0, 0)	F_force(959563, -82390, 0)
G_force(0, -284036, 0)	A_force(0, 0, 0)	F_force(959563, -80074.3, 0)
G_force(0, -281721, 0)	A_force(0, 0, 0)	F_force(959563, -77759.8, 0)
G_force(0, -279408, 0)	A_force(0, 0, 0)	F_force(959563, -75446.4, 0)
G_force(0, -277096, 0)	A_force(0, 0, 0)	F_force(959563, -73134.1, 0)
G_force(0, -274784, 0)	A_force(0, 0, 0)	F_force(959563, -70823, 0)
G_force(0, -272474, 0)	A_force(0, 0, 0)	F_force(959563, -68513.1, 0)
G_force(0, -270166, 0)	A_force(0, 0, 0)	F_force(959563, -66204.3, 0)
G_force(0, -267858, 0)	A_force(0, 0, 0)	F_force(959563, -63896.7, 0)
G_force(0, -265552, 0)	A_force(0, 0, 0)	F_force(959563, -61590.3, 0)
G_force(0, -263246, 0)	A_force(0, 0, 0)	F_force(959563, -59285.1, 0)
G_force(0, -260942, 0)	A_force(0, 0, 0)	F_force(959563, -56981.1, 0)
G_force(0, -258640, 0)	A_force(0, 0, 0)	F_force(959563, -54678.3, 0)
G_force(0, -256338, 0)	A_force(0, 0, 0)	F_force(959563, -52376.8, 0)
G_force(0, -254038, 0)	A_force(0, 0, 0)	F_force(959563, -50076.5, 0)
G_force(0, -251739, 0)	A_force(0, 0, 0)	F_force(959563, -47777.4, 0)
G_force(0, -249441, 0)	A_force(0, 0, 0)	F_force(959563, -45479.7, 0)
G_force(0, -247145, 0)	A_force(0, 0, 0)	F_force(959563, -43183.1, 0)
G_force(0, -244849, 0)	A_force(0, 0, 0)	F_force(959563, -40887.9, 0)
G_force(0, -242555, 0)	A_force(0, 0, 0)	F_force(959563, -38594, 0)
G_force(0, -240263, 0)	A_force(0, 0, 0)	F_force(959563, -36301.4, 0)
G_force(0, -237972, 0)	A_force(0, 0, 0)	F_force(959563, -34010.1, 0)
G_force(0, -235682, 0)	A_force(0, 0, 0)	F_force(959563, -31720.2, 0)
G_force(0, -233393, 0)	A_force(0, 0, 0)	F_force(959563, -29431.7, 0)
G_force(0, -231106, 0)	A_force(0, 0, 0)	F_force(959563, -27144.5, 0)
G_force(0, -228820, 0)	A_force(0, 0, 0)	F_force(959563, -24858.6, 0)
G_force(0, -226536, 0)	A_force(0, 0, 0)	F_force(959563, -22574.2, 0)
G_force(0, -224253, 0)	A_force(0, 0, 0)	F_force(959563, -20291.2, 0)
G_force(0, -221971, 0)	A_force(0, 0, 0)	F_force(959563, -18009.7, 0)
G_force(0, -219691, 0)	A_force(0, 0, 0)	F_force(959563, -15729.6, 0)
G_force(0, -217412, 0)	A_force(0, 0, 0)	F_force(959563, -13450.9, 0)
G_force(0, -215135, 0)	A_force(0, 0, 0)	F_force(0, -215135, 0)
G_force(0, -215002, 0)	A_force(0, 0, 0)	F_force(0, -215002, 0)
